2.9026382e-12
2.8697025e-12
2.907348e-12
2.952411e-12
2.779168e-12
2.7388953e-12
2.8132744e-12
2.9030257e-12
2.9530532e-12
2.9864726e-12
2.9332149e-12
3.0242477e-12
2.9411699e-12
2.9348433e-12
2.8572173e-12
2.9306872e-12
2.8880425e-12
2.8510332e-12
2.9340933e-12
2.883782e-12
2.7101375e-12
2.6714204e-12
2.6343365e-12
4.3124883e-12
1.4131072e-11
8.61673e-11
3.134579e-10
3.2742511e-10
5.098007e-10
4.5542484e-10
5.9201793e-10
1.6757092e-09
3.4519407e-09
3.3040521e-09
5.218557e-09
1.33849465e-08
2.6437345e-08
5.4075976e-08
1.0169614e-07
1.4511656e-07
2.8798146e-07
5.053561e-07
6.47475e-07
8.3835596e-07
1.2976967e-06
2.9364293e-07
1.5706855e-05
0.0002687725
1.7226248e-05
6.7075925e-05
6.333517e-05
0.00017148943
0.00017106025
0.00013150784
9.962318e-05
0.00010130067
9.632757e-05
0.00010727476
0.00010727476
0.00010727476
0.00010727476
0.00010727476
0.00010727476
0.00010727476
0.00010727476
0.00010727476
0.00010727476
0.00010727476
0.00010727476
0.00010727476
0.00010727476
0.00010727476
0.00010727476
0.00010727476
0.00010727476
0.00010727476
0.00010727476
0.00010727476
0.00010727476
0.00010727476
0.00010727476
0.00010727476
0.00010727476
0.00010727476
0.00010727476
0.00010727476
0.00010727476
0.00010727476
0.00010727476
0.00010727476
0.00010727476
0.00010727476
0.00010727476
0.00010727476
0.00010727476
0.00010727476
0.00010727476
0.00010727476
0.00010727476
0.00010727476
0.00010727476
0.00010727476
0.00010727476
0.00010727476
0.00010727476
0.00010727476
0.00010727476
0.00010727476
0.00010727476
0.00010727476
0.00010727476
0.00010727476
0.00010727476
0.00010727476
0.00010727476
0.00010727476
0.00010727476
0.00010727476
0.19357148
0.5416568
3.3223663e-05
0.00026923264
2.302466e-05
2.508596e-08
2.6557732e-08
3.158227e-08
0.00022338655
3.204317e-05
1.9252635e-05
1.163283e-05
3.3563174e-06
7.729371e-06
2.0928997e-05
2.1811438e-05
1.8980836e-05
1.8025365e-05
1.670848e-05
1.578029e-05
1.5206593e-05
1.5074393e-05
1.5074393e-05
1.5074393e-05
1.5074393e-05
1.5074393e-05
1.5074393e-05
1.5074393e-05
1.5074393e-05
1.5074393e-05
1.5074393e-05
1.5074393e-05
1.5074393e-05
1.5074393e-05
1.5074393e-05
1.5074393e-05
1.5074393e-05
1.5074393e-05
1.5074393e-05
1.5074393e-05
1.5074393e-05
1.5074393e-05
1.5074393e-05
1.5074393e-05
1.5074393e-05
1.5074393e-05
1.5074393e-05
1.5074393e-05
1.5074393e-05
1.5074393e-05
1.5074393e-05
1.5074393e-05
1.5074393e-05
1.5074393e-05
1.5074393e-05
1.5074393e-05
1.5074393e-05
1.5074393e-05
1.5074393e-05
1.5074393e-05
1.5074393e-05
1.5074393e-05
1.5074393e-05
1.5074393e-05
1.5068902e-05
4.918384e-06
1.226437e-07
2.8629893e-08
3.515638e-08
2.803091e-09
5.813931e-09
1.7661359e-08
5.8625183e-08
7.68605e-09
1.3497931e-08
5.7232925e-09
7.170242e-09
8.314819e-09
8.166385e-09
6.1458554e-09
2.4716817e-09
4.896297e-09
7.580135e-09
1.6476081e-08
1.291891e-08
1.37490925e-08
5.374334e-08
3.0061815e-07
9.2334255e-07
1.2459525e-07
1.5550757e-08
2.8499135e-08
3.8839893e-08
5.0169458e-08
3.8645766e-08
2.0071084e-08
2.7030033e-08
2.8125182e-08
2.4858762e-08
2.5411602e-08
2.1482508e-08
2.421298e-08
2.6303454e-08
2.7894975e-08
2.9876638e-08
3.0094597e-08
3.027226e-08
3.0820733e-08
3.1033682e-08
3.1398418e-08
3.1648e-08
3.1614395e-08
3.1680248e-08
3.1680248e-08
3.1680248e-08
3.1680248e-08
3.1680248e-08
3.1680248e-08
3.1680248e-08
3.1680248e-08
3.1680248e-08
3.1680248e-08
3.1680248e-08
3.1680248e-08
3.1680248e-08
3.1680248e-08
8.765301e-08
7.7796636e-07
3.4721725e-07
2.3841191e-07
4.020785e-06
8.059007e-06
1.6271284e-05
1.5074393e-05
1.5074393e-05
1.5074393e-05
1.5074393e-05
1.5074393e-05
1.5074393e-05
1.5074393e-05
1.5074393e-05
1.5074393e-05
1.5074393e-05
1.5074393e-05
1.5074393e-05
1.5074393e-05
1.5074393e-05
1.5074393e-05
1.5074393e-05
1.5074393e-05
1.5074393e-05
1.5074393e-05
1.5074393e-05
1.5074393e-05
1.5074393e-05
1.5074393e-05
1.5074393e-05
1.5074393e-05
1.5074393e-05
1.5074393e-05
1.5074393e-05
1.5074393e-05
1.5074393e-05
1.5074393e-05
1.5074393e-05
1.5074393e-05
1.5074393e-05
1.5074393e-05
1.5074393e-05
1.5074393e-05
1.5074393e-05
1.5074393e-05
1.5074393e-05
1.5074393e-05
1.5074393e-05
1.5074393e-05
1.5074393e-05
1.5074393e-05
1.5074393e-05
1.5074393e-05
1.5074393e-05
1.5074393e-05
1.5074393e-05
1.5074393e-05
1.5074393e-05
1.5074393e-05
1.5074393e-05
1.5074393e-05
1.5074393e-05
1.5074393e-05
1.5074393e-05
1.5074393e-05
1.5074393e-05
1.5074393e-05
1.5074393e-05
1.5074393e-05
1.5074393e-05
1.5074393e-05
1.5074393e-05
1.5074393e-05
1.5074393e-05
1.5074393e-05
1.5074393e-05
1.5074393e-05
1.5074393e-05
1.5074393e-05
1.5074393e-05
1.5074393e-05
1.5074393e-05
1.5074393e-05
1.5074393e-05
1.6561215e-05
1.0336581e-07
9.504105e-08
1.0421249e-07
0.00083870516
0.0002814206
0.9576726
0.32084978
0.20895283
0.19699872
0.20353082
0.2723725
0.28080857
0.19867322
0.3052592
0.25862625
0.25094762
0.15954638
0.32620862
0.119910486
0.011113294
0.0012928495
0.001367792
0.03161636
0.049802963
0.042250168
0.016441444
0.029218176
0.051854268
0.06010422
0.030430743
0.017568955
0.019127239
0.00999923
0.011486201
0.013753564
0.009937822
0.015934614
0.03518008
0.06148786
0.04768701
0.015713269
0.015282218
0.010245986
0.011136896
0.03482915
0.017585754
0.040267427
0.048157927
0.03749432
0.029341696
0.019091425
0.015398838
0.016105812
0.016698148
0.013989063
0.050871916
0.029423423
0.055593926
0.015035969
0.008864972
0.027023446
0.05400225
0.04017407
0.046208933
0.039793998
0.06382371
0.037977647
0.005557259
0.016251879
0.033977356
0.01542994
0.026997874
0.021638079
0.022217268
0.0015872667
4.765446e-09
0.023920912
7.818789e-08
1.0420802e-09
1.552347e-05
4.8797325e-08
1.2487516e-05
7.3860254e-05
6.1693986e-06
0.0010915633
3.7205686e-05
1.7640846e-07
1.882442e-05
8.976945e-16
1.0301661e-08
1.5205418e-05
5.838437e-06
8.3391524e-07
1.006051e-06
7.879233e-06
3.804346e-10
2.3806755e-05
2.8320665e-05
0.00029614766
0.09976883
1.8236027e-05
0.00010558843
2.8069019e-08
2.6863643e-06
0.0068182275
0.00011933201
3.0670137e-08
1.562329e-07
0.022117866
5.5411037e-05
0.0010998553
3.00392e-08
7.5426115e-08
1.5435267e-06
4.7607514e-06
2.9550479e-06
5.1577304e-06
5.1577304e-06
5.1577304e-06
5.1577304e-06
5.1577304e-06
5.1577304e-06
5.1577304e-06
5.1577304e-06
5.1577304e-06
5.1577304e-06
5.1577304e-06
5.1577304e-06
5.1577304e-06
5.0196777e-06
4.1398694e-06
3.2440207e-06
6.2794797e-06
1.3385376e-05
1.8084076e-05
1.0964514e-05
1.7714565e-06
2.1024625e-06
2.2241206e-06
2.2826168e-06
2.2836946e-06
2.2836946e-06
2.2836946e-06
0.00015065515
0.0003474172
0.00081252994
0.014744177
0.07658293
0.11299753
0.05670382
0.055428363
0.028576644
0.014743706
0.014649592
0.028846532
0.0378607
0.03169295
0.029334137
0.023686126
0.04369134
0.05167072
0.01287836
0.01030813
0.06308668
0.059593644
0.016299956
0.030560894
0.054075778
0.037924416
0.04607684
0.01692148
0.018141259
0.047875915
0.01694001
0.039016623
0.018192213
0.014099707
0.01990927
0.023916798
0.01825632
0.014224318
0.011449119
0.018124305
0.04015329
0.034033414
0.012827214
0.025013644
0.031653423
0.018132089
0.020980993
0.008959488
0.026223043
0.049518336
0.064766616
0.017976284
0.020345958
0.027731108
0.025054522
0.013649438
0.028474038
0.02034821
0.017817626
0.06841547
0.015007091
0.03349157
0.04367192
0.028539075
0.03646809
0.051381785
0.024854507
0.036419198
0.04654272
0.02513604
0.02027172
0.027570557
0.02007492
0.048155397
0.027657732
0.002310163
0.0024305405
0.0003017998
8.614927e-10
8.3958875e-09
3.4368526e-07
0.038574688
6.426817e-06
5.937526e-10
7.14849e-05
1.9465648e-05
1.0097834e-06
2.6041285e-05
1.0886745e-05
0.00045202964
2.2000875e-05
2.0422619e-15
4.6851323e-10
9.056329e-05
3.4722693e-06
2.0862412e-07
1.0545471e-05
0.01190035
0.0006527164
2.3535118e-09
6.1782025e-08
0.0037674734
0.029312149
2.8983459e-06
0.5245785
0.0005583921
3.314503e-05
0.61759883
9.575121e-08
8.603169e-14
0.032781508
9.354765e-05
8.617311e-06
0.00736532
0.00014926828
1.18810685e-05
1.305813e-09
1.8663229e-11
7.64202e-09
0.013399731
0.005038941
0.015129264
1.0746827e-07
1.5405354e-07
9.825792e-06
6.344343e-05
3.0226677e-06
1.5739919e-05
0.0002075579
2.051872e-10
1.7157796e-11
2.2877291e-09
1.4797907e-12
7.7486174e-14
2.7239456e-14
1.4815062e-14
1.9942234e-14
1.9942234e-14
1.9942234e-14
1.9942234e-14
1.9942234e-14
1.9942234e-14
1.9942234e-14
1.9942234e-14
1.9942234e-14
1.9942234e-14
1.9942234e-14
1.9942234e-14
1.9942234e-14
1.9942234e-14
1.8663414e-14
1.3034855e-14
6.364348e-15
2.3193083e-14
3.4931286e-14
1.0024985e-14
2.7392357e-15
3.6003555e-15
3.8927936e-15
4.4608118e-15
4.456373e-15
4.456373e-15
5.885575e-12
1.7554132e-11
2.288842e-09
4.2501815e-06
0.010731729
0.044462934
0.06288141
0.023583965
0.0108671
0.01888401
0.050325662
0.04267085
0.014933639
0.0147447875
0.061518487
0.030457988
0.04893029
0.032846496
0.020676758
0.033939447
0.0987956
0.032994688
0.021417579
0.033636913
0.0364382
0.02176687
0.031953663
0.01229163
0.020937802
0.048960686
0.046917614
0.0116699105
0.011118595
0.013696755
0.036323957
0.038358692
0.01856852
0.020925509
0.027764704
0.038017515
0.041313026
0.017225577
0.010903649
0.014290576
0.023193397
0.03193855
0.031924404
0.018863667
0.027009733
0.059953112
0.012545635
0.009099185
0.02604483
0.036686953
0.021194702
0.030369718
0.01514471
0.040702406
0.036324553
0.017606089
0.017910777
0.015894342
0.025464874
0.039986093
0.039631624
0.04999743
0.060021732
0.060545757
0.037947588
0.0085861515
0.019470023
0.052711427
0.018261407
0.017539114
0.00093390275
4.332957e-07
3.5835382e-10
1.4716696e-07
0.0047863736
2.7644752e-05
0.0004075553
1.4389639e-05
1.0966668e-06
7.620524e-05
4.526896e-06
1.0152287e-07
1.1260681e-05
2.7407186e-16
6.030681e-11
2.4419274e-05
5.4279876e-06
5.2902687e-06
2.0922404e-07
0.039715875
1.3157551e-06
1.5802598e-06
0.0002747699
0.0006041198
0.00015809096
3.1816566e-05
0.17038101
0.14619581
0.33353844
2.878478e-09
2.2027107e-10
1.5489428e-07
7.473599e-09
8.465502e-05
7.656373e-10
1.4499565e-07
0.0053818463
0.04254814
0.003242166
0.00018751186
0.0023874342
0.3492778
0.22437087
0.09276817
8.395198e-06
4.0012264e-06
0.030979056
0.0006033979
8.657731e-06
5.0347513e-05
0.0046256618
1.7616175e-08
4.5392385e-06
1.4181623e-05
0.00037665348
5.8694444e-05
0.0017014163
0.0464284
1.3149292e-07
1.4800533e-08
3.008111e-08
1.570699e-05
0.0044019846
0.003390966
0.004320167
6.939996e-07
5.9551735e-06
7.4635177e-06
0.0028830036
0.009963206
0.00015585925
0.001169175
0.028626014
2.3715551e-05
6.9939792e-06
4.3153747e-09
1.3016556e-06
2.3083765e-06
5.1060533e-06
8.103746e-05
0.0005662024
1.8806389e-06
3.5983365e-07
8.359031e-06
1.3137604e-05
1.3137604e-05
1.3137604e-05
1.3137604e-05
1.3137604e-05
1.3137604e-05
1.3137604e-05
1.3137604e-05
1.3137604e-05
1.3137604e-05
1.3137604e-05
1.3137604e-05
1.3137604e-05
1.2743878e-05
1.23456e-05
1.1098098e-05
2.4409403e-05
5.64507e-05
2.9435463e-05
8.437785e-06
2.814351e-06
2.527573e-06
4.859007e-06
5.5057735e-06
5.5058576e-06
0.0025945096
0.026215162
0.001237572
0.0050014015
0.016639685
0.025393937
0.23117892
0.040041924
0.00064979115
3.09206e-05
3.263983e-05
0.00045661026
0.036993172
0.07317555
0.43983185
0.2699546
0.07335617
0.011353924
0.0005416147
0.0057458375
0.01889863
0.045653757
0.14788347
0.05541062
0.044091288
0.04764376
0.018925985
0.015690513
0.043380108
0.034777816
0.030581467
0.04637748
0.017137093
0.010280206
0.026744366
0.05413929
0.030923799
0.02474085
0.024640968
0.03657693
0.03562163
0.038109355
0.024999931
0.01566489
0.031829108
0.01476534
0.01505427
0.03943606
0.053818785
0.036981627
0.015298005
0.02237483
0.07155537
0.060512625
0.032758158
0.01445374
0.0133761065
0.021095974
0.04381134
0.04969348
0.015834592
0.022958575
0.0595012
0.058470227
0.028232353
0.013855905
0.04949637
0.002286442
0.0033916056
0.0006495577
0.006450794
6.854885e-05
0.00039026872
0.00032612812
0.25019708
0.058593854
2.1716009e-05
1.4583438e-07
0.0002805858
0.0001425252
0.0029706596
7.420686e-06
3.6794168e-07
7.170666e-05
7.012817e-05
4.2940786e-07
3.4376032e-07
3.5591431e-06
1.4852717e-06
0.00038079388
0.00017616988
8.0379206e-05
3.483615e-05
1.3311603e-07
0.0001646514
0.08830902
2.2480085e-06
0.000657921
0.00011186069
1.2414286e-15
2.678824e-12
7.198753e-06
1.10960066e-07
1.3536294e-08
0.16382203
0.0048806625
0.00027701494
0.001666257
0.002215171
0.0020451322
0.0023166728
0.0023166728
0.0023166728
0.0023166728
0.0023166728
0.0023166728
0.0023166728
0.0023166728
0.0023166728
0.0023166728
0.0023166728
0.0022434634
0.0018233698
0.0015247618
0.0016525923
0.0017266382
0.0017556086
0.0011419229
0.002705012
0.0071118902
0.004189853
0.0026544228
0.0027441368
0.0027245472
0.002921538
0.002921538
0.002921538
0.0007896493
1.4441825e-05
1.2996746e-06
0.002164216
0.16220011
0.11691553
0.0006490156
3.5757414e-05
6.2595725e-05
0.00047469634
0.00421531
0.06250954
0.48085192
0.10425756
0.18863171
0.0037468872
0.00015536766
2.2725755e-05
0.00016698283
0.0047333986
0.011715408
0.03328911
0.5245136
0.47180444
0.1905762
0.0030713696
0.00072662666
6.0703078e-05
0.00040740552
0.0013956904
0.013104678
0.13697848
0.48064667
0.13829094
0.034646317
0.03738973
0.00024155846
0.009168094
0.034239776
0.25896528
0.0109949345
0.0027797918
0.00027267225
0.00010137344
0.0009823242
0.010860772
0.19109178
0.577893
0.14785951
0.019604458
0.0065562497
0.014978326
0.0016461257
5.7981142e-05
0.0001149234
1.0171112e-06
7.662355e-08
0.2683909
0.007512619
5.975409e-08
1.3718583e-06
3.1631476e-05
2.6674857e-06
2.033712e-05
6.970642e-08
2.4215785e-09
4.829247e-10
4.9638146e-07
1.04415435e-07
5.1004668e-06
0.09401626
0.009912336
0.002637322
0.00087397994
2.087466e-05
0.0016531306
0.0021802753
0.06270602
0.22265862
1.681263e-05
1.0854967e-06
7.462896e-07
6.527586e-08
3.9950346e-06
0.00031943465
8.3810016e-07
1.0684643e-09
9.2827385e-08
2.1153799e-05
0.00030771317
0.0005213318
0.0017362871
4.353858e-05
1.2628585e-06
0.0020696367
0.026875729
0.02844374
0.0049913838
0.74171424
4.743201e-13
9.0545307e-13
0.0004644527
6.796286e-11
1.0776143e-06
0.22141314
0.0107014235
0.0049493294
1.1833531e-05
3.553834e-10
1.6275485e-13
2.5548067e-08
4.843905e-05
0.00054930116
0.0003256121
0.000116902396
0.00060223584
0.00060223584
0.00060223584
0.00060223584
0.00060223584
0.00060223584
0.00060223584
0.00060223584
0.00060223584
0.00060223584
0.00060223584
0.00060223584
0.00060223584
0.00060041476
0.00064335135
0.00060318515
0.0014863457
0.0022704848
0.0019219832
0.0007808403
0.000565214
0.00066061085
0.0007245868
0.0008327635
0.0008327635
0.0011074871
3.215002e-06
9.956462e-07
0.010359971
0.15144117
0.10832694
0.0008812017
4.7481637e-05
2.7071936e-05
0.0001912095
0.009746942
0.011016998
0.3821467
0.47667214
0.22781308
0.03480664
0.0004980094
7.614204e-05
0.0024043077
0.0022181587
0.054908272
0.44171017
0.54808295
0.08742414
0.0037456017
0.00070328405
0.013808228
0.041915145
0.036094338
0.039090376
0.014184696
0.015690258
0.029285908
0.056238282
0.0738435
0.02387517
0.014879912
0.0073196217
0.014194034
0.018389262
0.021706758
0.037600573
0.02894112
0.029343424
0.015888883
0.040217802
0.028339492
0.06885161
0.05560067
0.03462899
0.013334919
0.032506507
0.057059288
0.02877741
0.027525632
0.016062114
0.011007703
0.026512919
0.040891238
0.04472884
0.029592685
0.060784023
0.0029284523
7.352435e-05
0.007873584
7.130537e-10
1.992012e-09
0.00014128089
0.034768023
1.2035618e-05
6.6562805e-08
2.6047193e-05
7.211845e-08
1.4945785e-07
0.16546918
0.0004664184
4.8584305e-05
9.771697e-10
0.00054548954
4.389446e-07
2.1801084e-06
0.05308495
0.010769093
6.5181575e-06
3.008286e-06
0.030693423
0.0084910095
0.042955484
1.5123738e-05
8.645124e-08
3.0893218e-05
0.001590349
0.9918411
0.00018492009
1.2910319e-11
0.0014941209
0.00017760249
1.8473062e-05
1.7667139e-06
0.00011538371
0.34582096
2.1569221e-08
7.458791e-08
4.136944e-09
0.07549636
0.035615377
0.034412038
0.0016563296
0.0016865107
0.00202717
2.3981244e-08
1.314169e-08
1.6067186e-05
4.866139e-06
0.00023391825
0.10147821
0.34288627
0.040526014
5.0935704e-08
3.73828e-09
2.9342668e-12
4.01258e-12
2.4705644e-13
1.8543385e-13
2.704389e-13
2.704389e-13
2.704389e-13
2.704389e-13
2.704389e-13
2.704389e-13
2.704389e-13
2.704389e-13
2.704389e-13
2.704389e-13
2.704389e-13
2.6489672e-13
2.2473303e-13
1.7950973e-13
3.0765738e-13
2.6336116e-13
3.093532e-13
2.378444e-13
2.857096e-13
2.8504117e-13
3.1534817e-13
3.1989656e-13
3.1998444e-13
3.1998444e-13
3.1998444e-13
3.1998444e-13
3.1998444e-13
3.1998444e-13
3.1998444e-13
5.6537007e-13
1.1573689e-14
4.4200854e-10
1.9044835e-07
0.016609317
0.13726328
0.17436759
0.023168629
0.0015709948
6.4416345e-05
8.905701e-06
0.00017866166
0.004819298
0.026104376
0.27587053
0.44714516
0.11310237
0.016988534
0.004542794
0.013794146
0.048464853
0.09428683
0.05800811
0.03543143
0.023149328
0.021475837
0.05653142
0.062050138
0.038725395
0.014460684
0.019537905
0.02662535
0.029135168
0.018001528
0.017166777
0.04541346
0.037451506
0.031741742
0.042606596
0.033606302
0.045277443
0.035792757
0.013141489
0.012387022
0.012102204
0.02302416
0.017875189
0.041422807
0.018439095
0.033337224
0.027783899
0.025764579
0.017856264
0.06303369
0.031080328
0.035829965
0.0561799
0.012881919
0.013482024
0.036986053
0.018223258
0.0183514
0.021994691
0.059792552
0.051837206
0.06443368
0.024536407
0.028092181
0.044040103
0.004073719
0.00020298813
0.0005687268
5.5580046e-10
1.2513457e-09
4.1523363e-06
2.1693984e-06
7.535171e-10
1.4424907e-07
0.08702707
2.4485277e-07
6.9174195e-05
7.31934e-05
0.0014870883
0.0002215564
4.3323225e-09
1.4862735e-06
6.3309517e-06
4.308485e-08
0.008632487
0.00015294892
8.128471e-08
4.2930815e-06
0.0005257064
7.8142625e-07
4.6606047e-10
0.00025624965
0.19645897
0.021812221
9.349497e-08
8.9480146e-10
8.581342e-06
1.435451e-06
8.506505e-05
2.0715913e-08
0.00094328896
0.0003264971
0.043152217
0.0011635671
1.0226718e-05
4.7139733e-07
4.322406e-06
6.823157e-05
0.0003078833
0.0032439956
0.0023050485
0.0014148833
0.0014148833
0.0014148833
0.0014148833
0.0014148833
0.0014148833
0.0014148833
0.0014148833
0.0014148833
0.0014148833
0.0014148833
0.0014148833
0.0014441471
0.0014246542
0.0014139022
0.0012025951
0.0019589327
0.002465567
0.0009579176
0.001012005
0.0010290893
0.0010313435
0.0010655569
0.0010610684
0.0010610684
0.0010610684
0.0010610684
0.0010610684
0.00032547742
8.23414e-06
3.326018e-06
0.001208909
0.045853138
0.1422608
0.17218494
0.019285915
0.00045987437
2.2366668e-05
9.088124e-06
0.00019890245
0.028105713
0.040087588
0.37019393
0.26205084
0.018775668
0.07284459
0.0025946926
0.02454065
0.047025606
0.06168998
0.03302018
0.03968177
0.02838082
0.017932456
0.043028157
0.078061216
0.028222878
0.012616606
0.008146133
0.01712439
0.025916034
0.03408291
0.038412068
0.040876295
0.030811738
0.036234092
0.03195011
0.039656643
0.028037205
0.016489025
0.027213687
0.015520899
0.01926194
0.02284849
0.036841206
0.011431744
0.038376153
0.03090406
0.059087045
0.023354396
0.019061077
0.027116366
0.037894383
0.029684953
0.027956596
0.02473546
0.036992643
0.03250011
0.02000411
0.032988127
0.10675672
0.068313144
0.02424056
0.032244407
0.062608466
0.01570537
0.00043361288
0.0004325125
0.0010172364
7.1222235e-06
2.2318486e-06
0.0030479247
0.0043919506
2.4686707e-07
0.016858635
4.6823072e-05
1.1759756e-07
1.6695021e-05
0.019324707
0.3273321
2.5479036e-05
3.673635e-07
4.302964e-06
0.00019435708
0.009800326
0.6296255
0.0023645568
0.0013899992
0.001582391
0.0017292982
0.0014566608
3.7770315e-07
0.00662251
0.20817672
0.0005499063
0.0021136538
0.00013841726
3.2220598e-08
1.9315394e-08
1.3764881e-09
0.0009076569
2.929385e-05
1.8199659e-06
0.00021829491
2.0323434e-05
3.2941214e-05
7.4794574e-05
9.700573e-06
3.7427737e-06
2.1989028e-05
1.4650418e-07
2.870572e-05
5.631568e-11
5.281783e-13
3.9541665e-06
3.0950857e-06
3.8672242e-05
0.42774287
0.12880968
1.295939e-07
2.2746978e-09
5.1994366e-06
5.432851e-09
5.495426e-07
6.5693835e-05
0.0069507034
0.15420218
2.7431013e-10
1.309194e-10
5.7012917e-10
7.490359e-11
1.6220673e-08
5.8592957e-09
9.035808e-10
4.2003423e-10
4.2003423e-10
4.2003423e-10
4.2003423e-10
4.2003423e-10
4.2003423e-10
4.2003423e-10
4.2003423e-10
4.2003423e-10
4.2003423e-10
4.2003423e-10
4.2003423e-10
4.2003423e-10
3.9697864e-10
2.971532e-10
2.5044103e-10
3.852268e-10
2.178142e-09
5.6244893e-09
9.927472e-10
3.8597184e-10
5.4981053e-10
6.4266614e-10
5.8984373e-10
5.8968735e-10
5.8968735e-10
5.8968735e-10
5.8968735e-10
5.8968735e-10
5.8968735e-10
5.8968735e-10
5.8968735e-10
5.8968735e-10
5.8968735e-10
5.8968735e-10
5.8968735e-10
5.8968735e-10
5.8968735e-10
5.8968735e-10
5.8968735e-10
5.8968735e-10
5.8968735e-10
5.8968735e-10
5.8968735e-10
5.8968735e-10
9.097558e-11
1.43180525e-08
1.6499163e-08
1.1783859e-09
7.571537e-09
2.095327e-08
9.90429e-09
5.6224164e-10
5.666427e-10
5.7024335e-10
5.6938476e-10
5.740081e-10
5.703456e-10
5.742195e-10
5.776567e-10
5.7482435e-10
2.373952e-10
2.9179492e-11
1.0727182e-12
3.373488e-13
2.5946812e-13
7.8966544e-14
7.655087e-14
1.4203829e-13
4.0022667e-13
9.017235e-13
1.0030025e-12
9.955786e-13
1.0045993e-12
1.0268075e-12
1.0251305e-12
1.0251833e-12
1.0227361e-12
1.0347011e-12
1.036465e-12
1.0320265e-12
1.0261673e-12
1.0275344e-12
1.0244503e-12
1.0080138e-12
1.0066381e-12
9.917313e-13
9.945423e-13
1.0239111e-12
1.0403052e-12
1.0311764e-12
1.0308205e-12
1.0404541e-12
1.0642687e-12
1.0500635e-12
2.934289e-12
2.371379e-12
2.2222946e-11
7.9379225e-11
1.1713826e-10
2.0519374e-11
7.0248707e-12
3.3025097e-12
1.0068187e-12
5.1789427e-13
4.246607e-13
7.71937e-13
1.0131874e-12
1.0274208e-12
1.0330013e-12
1.026275e-12
1.0123105e-12
1.0178516e-12
1.0310171e-12
1.0422476e-12
1.0303781e-12
1.0342532e-12
1.02632e-12
