4.578026294708252
5.677504062652588
6.545307397842407
7.794018983840942
8.734484672546387
9.749969482421875
10.517322778701782
12.045612335205078
13.114391326904297
14.46220088005066
15.310110330581665
16.09397840499878
17.470008850097656
18.957648038864136
19.825353860855103
20.476927995681763
21.601269960403442
23.04898428916931
23.737130165100098
24.5139422416687
26.71747660636902
28.02159595489502
29.345471620559692
30.59274387359619
31.61722469329834
32.46603083610535
33.669238805770874
35.05718183517456
36.21349787712097
38.553330421447754
39.8052704334259
40.79777765274048
41.75699973106384
42.78536820411682
44.44538331031799
45.541152000427246
46.622153520584106
47.65335464477539
49.52607822418213
50.59315061569214
51.57007956504822
52.531062602996826
53.125227212905884
53.99703001976013
55.00141000747681
55.96190595626831
56.67322325706482
57.54216957092285
58.21825981140137
59.021450996398926
59.86599087715149
60.86571526527405
61.82964873313904
62.533199071884155
63.613152503967285
64.47698712348938
65.48855662345886
66.49837970733643
67.23290657997131
70.0499484539032
71.04533982276917
72.79434132575989
75.69309973716736
76.68187117576599
77.52530264854431
78.6250205039978
79.46185874938965
80.12557888031006
81.01271104812622
81.95685696601868
82.8456757068634
83.73341464996338
84.6257381439209
85.59681940078735
86.49694895744324
87.30563712120056
88.11383390426636
89.1105751991272
90.00514125823975
90.87723159790039
91.80495429039001
92.74609732627869
93.79804134368896
94.66581845283508
95.68442988395691
96.65748119354248
97.59294819831848
98.61691188812256
99.50607466697693
100.437655210495
101.34126925468445
102.32992720603943
102.93866300582886
103.90119552612305
104.51374077796936
105.08145403862
105.9777524471283
107.43686270713806
109.47736239433289
110.39365458488464
111.38414883613586
112.31390404701233
115.14112782478333
115.84118270874023
116.81283235549927
117.77821898460388
118.64190149307251
119.52891421318054
121.32139801979065
122.28253841400146
125.1452374458313
126.03382396697998
126.91732239723206
128.7139856815338
129.58958435058594
130.57415413856506
131.43750500679016
132.37819576263428
133.3367099761963
134.00592255592346
134.94849181175232
135.76947140693665
136.681884765625
137.32465529441833
138.30974054336548
139.1853587627411
140.00965571403503
141.00570559501648
141.7935013771057
143.35279440879822
144.2449460029602
144.87724232673645
145.78814148902893
147.53760433197021
148.22126531600952
149.14562225341797
150.1370644569397
151.11355638504028
151.95280861854553
152.7704198360443
153.39761781692505
154.39742422103882
156.19742703437805
157.03698229789734
157.68890929222107
158.64558362960815
159.62602424621582
160.6530396938324
162.56090426445007
163.4848964214325
164.19350671768188
165.09366703033447
165.9857940673828
166.82122325897217
167.78110718727112
168.38598227500916
169.2617690563202
169.97712898254395
170.66434907913208
171.66632962226868
172.61786484718323
173.49701476097107
174.42939472198486
175.07672500610352
176.88982629776
177.8497278690338
178.80157208442688
179.7852327823639
180.69775819778442
181.54791688919067
182.1613790988922
182.68823623657227
183.5247242450714
185.30158495903015
185.87270212173462
186.90519452095032
187.8413646221161
188.73362350463867
189.41738057136536
190.38470268249512
191.38480257987976
192.38486218452454
193.37305283546448
194.26533269882202
195.15751433372498
196.91309452056885
197.83676505088806
198.80557775497437
199.7007040977478
200.65369510650635
201.59433603286743
203.07785153388977
204.06539511680603
204.96933579444885
205.72453236579895
206.36434650421143
206.92576551437378
207.81038618087769
208.80974745750427
210.51256155967712
212.11252427101135
213.07673525810242
214.00620865821838
214.86938190460205
215.75692629814148
216.72129225730896
217.8056242465973
218.73287343978882
219.78526711463928
220.62448167800903
221.62137079238892
223.40993642807007
224.08157062530518
226.80036616325378
229.63659000396729
230.52002334594727
231.5448179244995
232.40920281410217
233.33785891532898
234.21845769882202
235.10168194770813
237.1278281211853
237.94958662986755
238.91295504570007
239.8453028202057
240.77679300308228
241.8204321861267
242.78469562530518
243.68436336517334
244.55264568328857
245.4683825969696
247.28943991661072
248.24761605262756
249.01284527778625
249.9934597015381
250.91281270980835
251.9694106578827
252.82914924621582
254.8809051513672
255.8323347568512
256.7209949493408
257.63592171669006
258.32779264450073
259.09744811058044
259.9578318595886
260.69714856147766
261.6132309436798
263.532653093338
264.35634899139404
265.2093360424042
266.0803942680359
266.7491316795349
267.5694477558136
268.61337018013
269.6456799507141
270.5852165222168
271.2775983810425
272.2276475429535
272.8167054653168
273.50466322898865
275.40525126457214
276.19692063331604
276.79245615005493
277.74238896369934
278.66947174072266
279.5850942134857
280.5327184200287
281.437224149704
282.9616947174072
283.91664361953735
284.92487263679504
285.90420794487
286.79731273651123
287.6527945995331
288.28802156448364
289.8924677371979
290.820769071579
291.7048406600952
292.60507225990295
293.5252163410187
294.21274042129517
297.26048469543457
298.1642634868622
299.0402526855469
300.62170219421387
301.5705645084381
302.60422134399414
303.5020344257355
305.4372808933258
306.04797530174255
306.74934792518616
307.7255189418793
308.6492075920105
309.63311767578125
310.49360942840576
311.0520451068878
313.4682660102844
314.3160855770111
315.1819577217102
316.2442350387573
317.0710368156433
317.869464635849
318.8093457221985
319.42463970184326
320.3372974395752
321.22391390800476
321.80134105682373
322.7288076877594
323.6933295726776
324.6041738986969
325.50136494636536
326.42381620407104
327.473263502121
328.41342425346375
330.2974326610565
331.27234864234924
332.06914734840393
332.63724088668823
333.2961163520813
335.20010566711426
336.0766570568085
336.89365339279175
337.7894620895386
338.64152669906616
339.485479593277
340.1957468986511
341.0049889087677
341.8405530452728
342.77288722991943
343.7289116382599
344.6045808792114
345.609295129776
346.55692648887634
347.46109771728516
348.50887989997864
349.39239048957825
350.3241317272186
351.27648973464966
352.1542456150055
353.06423926353455
354.1203553676605
355.94476532936096
357.832905292511
358.74406814575195
359.408816576004
360.9363443851471
361.8242392539978
363.66120409965515
364.52112317085266
365.4131877422333
366.42214918136597
367.2160267829895
367.89248991012573
368.8696267604828
369.71607780456543
370.6723210811615
